13
991
932
938
902
181
136
508
873
73
895
534
268
463
52
578
885
841
277
678
85
348
484
77
150
765
603
443
122
210
704
884
559
501
494
560
881
945
783
735
422
1
354
4
246
406
290
818
424
699
570
101
896
524
87
200
156
787
184
134
25
317
377
720
269
796
607
350
814
717
555
396
526
258
762
286
993
596
64
379
179
447
918
611
621
205
935
802
776
512
572
500
803
202
635
66
958
754
906
784
282
955
522
898
948
201
382
133
469
255
327
882
423
808
5
248
756
289
970
190
940
850
108
197
854
876
439
259
502
228
586
446
591
404
112
30
107
321
719
386
358
916
295
573
46
35
930
81
537
264
400
631
260
947
376
953
232
917
307
231
211
360
378
716
380
535
143
770
344
147
974
233
167
593
227
786
54
845
757
22
553
70
421
820
933
997
457
541
8
799
816
606
224
299
977
209
219
395
409
9
878
188
29
194
963
74
546
936
544
94
166
750
730
711
723
433
462
401
63
679
28
929
361
939
0
516
79
449
16
729
979
992
319
702
221
913
605
998
440
531
994
779
21
239
981
594
296
273
769
701
247
153
230
858
610
225
116
549
235
798
371
335
31
86
191
461
957
797
615
707
822
651
478
385
830
849
926
956
513
733
144
640
72
639
928
551
602
465
369
837
848
27
263
486
256
127
334
901
89
353
359
313
880
625
851
243
805
207
473
331
216
162
415
604
726
137
131
668
964
813
600
43
145
125
39
311
169
540
674
507
408
206
345
196
566
781
520
864
862
713
629
214
870
49
403
148
521
834
170
949
445
897
420
322
982
739
454
476
619
106
842
151
791
927
448
470
712
324
47
807
292
58
71
793
98
695
641
19
17
580
810
616
342
234
944
582
330
654
455
545
183
158
117
138
952
959
237
467
731
689
490
742
828
412
624
871
99
676
911
110
316
93
844
413
62
18
6
741
155
868
941
887
154
477
665
23
523
244
120
583
352
266
251
310
193
722
829
623
682
752
539
365
743
491
414
366
126
530
823
973
305
988
579
909
226
472
135
694
672
585
725
758
245
905
217
504
584
485
812
435
441
657
208
347
308
806
597
869
175
688
253
967
50
195
497
626
59
390
558
673
886
788
995
825
372
129
907
370
171
528
975
734
715
924
499
677
671
34
238
303
890
879
314
724
920
867
785
431
775
203
411
996
367
946
859
681
914
951
863
590
355
794
888
301
309
685
198
252
388
302
163
598
495
42
983
773
67
675
811
922
489
542
496
464
339
91
429
999
336
835
139
373
453
152
338
972
861
985
103
417
173
41
113
176
628
250
937
391
577
140
215
7
663
614
525
480
620
613
