14
63
75
203
214
221
250
256
266
298
299
304
384
390
405
436
469
529
568
571
635
731
762
796
805
807
812
828
972
1058
1105
1280
1298
1357
1438
1468
1508
1517
1522
1557
1562
1716
1762
1776
1812
1916
1920
1929
1948
1996
2065
2101
2104
2161
2222
2232
2243
2265
2331
2382
2387
2408
2467
2523
2598
2611
2623
2659
2662
2697
2705
2743
2798
2815
2853
2860
2896
2898
2904
2981
84
90
109
136
174
177
212
259
268
281
316
336
342
388
506
612
634
670
686
687
695
735
737
749
783
788
819
837
843
865
870
998
1009
1043
1078
1104
1139
1183
1196
1277
1340
1381
1403
1404
1445
1448
1497
1500
1503
1516
1586
1596
1645
1650
1654
1665
1672
1709
1739
1775
1833
1878
1919
1924
1946
1959
1978
1984
2093
2102
2196
2214
2225
2235
2245
2266
2287
2302
2316
2323
2327
2342
2351
2353
2449
2466
2525
2527
2530
2581
2587
2605
2614
2684
2689
2717
2770
2776
2780
2811
2868
2871
2876
2919
2925
2943
2980
48
57
119
168
204
216
269
282
333
392
399
429
430
447
501
530
534
544
557
570
645
667
711
743
789
879
895
940
993
1007
1028
1062
1071
1133
1154
1160
1230
1278
1320
1335
1359
1390
1437
1471
1490
1505
1545
1546
1563
1601
1620
1648
1687
1723
1729
1792
1799
1801
1839
1856
1858
1889
1892
2012
2033
2045
2081
2112
2125
2244
2283
2288
2380
2415
2490
2509
2512
2591
2658
2707
2751
2756
2872
2889
2911
2926
2973
1
4
18
40
108
175
209
245
248
357
363
374
396
490
497
516
613
756
766
818
866
932
983
1068
1092
1094
1181
1254
1268
1289
1312
1364
1380
1383
1482
1506
1534
1541
1559
1599
1661
1666
1676
1684
1690
1701
1721
1745
1759
1840
1866
1893
1911
2035
2044
2075
2117
2155
2158
2169
2175
2178
2210
2236
2249
2253
2298
2358
2362
2363
2394
2396
2398
2424
2457
2473
2478
2554
2592
2599
2621
2624
2667
2668
2747
2762
2788
2809
2840
2841
2845
2847
2901
2923
2951
0
23
66
91
152
224
290
356
360
372
373
407
408
414
433
479
561
615
619
622
625
679
717
775
806
813
872
884
888
898
906
957
967
1003
1020
1074
1098
1107
1114
1123
1136
1179
1264
1285
1338
1370
1420
1469
1477
1487
1567
1570
1587
1811
1814
1845
1847
1854
1874
1883
1886
1898
1955
2047
2057
2060
2103
2146
2220
2291
2349
2475
2622
2765
2786
2804
2819
2829
2832
2858
2878
2879
2907
2909
2962
12
31
45
70
93
192
195
207
234
326
332
340
415
434
452
458
589
662
769
829
836
844
868
873
955
969
1018
1050
1132
1141
1211
1214
1327
1374
1407
1443
1481
1514
1556
1560
1607
1655
1697
1712
1738
1748
1806
1820
1853
1917
1970
1991
2004
2022
2049
2051
2114
2190
2295
2317
2341
2390
2393
2437
2445
2455
2472
2479
2513
2565
2568
2654
2682
2692
2727
2740
2810
2814
2830
2891
2908
2948
2952
2968
19
25
92
128
142
164
167
193
240
260
309
329
339
351
383
387
423
438
518
577
582
621
668
671
712
747
903
904
975
990
999
1000
1076
1096
1119
1146
1167
1205
1216
1229
1240
1242
1272
1279
1288
1317
1343
1354
1358
1422
1434
1447
1525
1526
1568
1593
1598
1600
1602
1605
1633
1638
1643
1695
1804
1865
1875
1968
2010
2018
2023
2048
2054
2122
2128
2139
2152
2167
2192
2211
2226
2233
2281
2297
2319
2418
2431
2468
2517
2542
2557
2610
2630
2674
2690
2699
2706
2708
2716
2718
2745
2793
2816
2917
2965
43
76
86
120
139
147
218
222
238
255
300
319
346
354
385
417
437
599
637
639
652
696
713
738
800
804
885
1011
1024
1026
1061
1091
1193
1227
1233
1318
1324
1346
1351
1356
1479
1492
1533
1630
1767
1768
1836
1844
1973
2016
2046
2136
2193
2209
2306
2405
2420
2463
2487
2506
2529
2563
2663
2665
2758
2805
2865
2906
2910
2975
2997
5
16
27
47
99
173
226
253
283
293
315
393
413
420
443
510
514
520
551
628
631
653
655
663
689
693
741
913
917
922
964
1168
1170
1194
1232
1255
1311
1377
1386
1402
1414
1461
1733
1746
1753
1769
1778
1813
1826
1835
1851
1901
1940
1974
1979
1987
2000
2164
2204
2216
2218
2348
2350
2383
2400
2426
2458
2618
2686
2696
2732
2749
2826
2862
2932
2941
2967
2985
2988
34
60
94
106
111
149
184
227
352
362
391
394
422
431
450
473
502
523
539
547
586
603
654
744
770
802
850
871
891
894
910
933
949
994
1025
1036
1051
1083
1131
1225
1250
1309
1352
1371
1387
1399
1401
1446
1455
1475
1548
1571
1576
1577
1584
1623
1627
1669
1714
1726
1747
1777
1862
1908
1935
1961
1975
2024
2064
2194
2212
2223
2228
2246
2251
2315
2335
2345
2357
2368
2389
2438
2442
2460
2507
2536
2577
2584
2620
2643
2712
2719
2728
2803
2806
2824
2863
2890
2894
2955
2986
22
24
30
68
110
121
143
196
199
211
213
219
233
254
272
301
314
323
335
365
400
444
470
487
580
593
623
657
674
691
701
799
821
823
912
919
944
966
984
986
1035
1085
1175
1206
1208
1222
1281
1297
1310
1331
1339
1372
1385
1416
1425
1444
1527
1535
1632
1805
1810
1867
1904
1938
1972
1981
1995
1998
2050
2061
2090
2129
2144
2201
2202
2205
2231
2238
2248
2273
2367
2369
2411
2441
2453
2493
2524
2541
2549
2608
2661
2670
2744
2752
2757
2772
2854
2957
2970
2989
2998
2999
50
58
103
123
134
138
153
201
215
243
258
263
276
292
294
389
441
442
508
511
512
585
607
638
716
808
814
842
845
859
877
886
938
939
965
1049
1055
1064
1073
1100
1152
1156
1190
1245
1304
1330
1341
1460
1485
1496
1579
1591
1611
1612
1713
1755
1771
1772
1786
1818
1841
1863
1903
1926
2007
2008
2026
2030
2032
2043
2072
2083
2157
2185
2242
2264
2270
2280
2324
2344
2469
2533
2555
2580
2651
2656
2779
2820
2821
2822
2880
2915
2
15
28
95
112
130
186
191
285
398
427
494
522
540
545
550
721
723
750
772
822
838
847
849
851
889
920
927
945
997
1033
1054
1069
1212
1295
1307
1333
1507
1537
1538
1542
1544
1561
1647
1658
1725
1765
1789
1872
1876
1891
1896
1913
1954
1993
2009
2013
2025
2058
2108
2123
2133
2137
2189
2200
2206
2221
2250
2294
2343
2377
2388
2471
2484
2501
2520
2645
2657
2790
2795
2825
2842
2848
2887
2918
41
159
239
264
280
349
409
463
465
538
558
704
754
810
827
863
905
941
952
980
1015
1044
1053
1077
1095
1113
1116
1126
1161
1187
1294
1301
1336
1337
1408
1439
1528
1580
1610
1613
1625
1635
1680
1761
1779
1798
1817
1870
1934
1964
2037
2094
2143
2181
2191
2267
2272
2300
2356
2366
2392
2421
2428
2451
2456
2461
2528
2532
2578
2617
2666
2683
2685
2710
2725
2755
2782
2808
2864
2873
2902
2939
2958
2983
2995
71
73
87
101
140
141
151
171
198
200
262
296
303
343
404
457
480
500
513
537
614
629
633
666
690
692
736
755
857
878
892
907
970
973
989
991
992
1016
1084
1111
1144
1158
1163
1166
1169
1180
1188
1191
1219
1241
1249
1261
1263
1265
1273
1299
1305
1435
1436
1449
1493
1531
1590
1717
1718
1732
1754
1763
1782
1829
1842
1843
1902
1914
1950
1986
1990
2015
2028
2068
2071
2084
2148
2198
2261
2284
2299
2311
2318
2402
2404
2419
2447
2492
2496
2519
2546
2561
2569
2572
2573
2604
2629
2637
2638
2648
2713
2721
2817
2828
2844
2882
2893
2903
2944
2979
49
78
217
246
306
317
321
324
347
381
425
455
482
485
488
507
528
535
554
583
592
605
632
642
661
700
703
722
732
763
794
801
896
897
925
926
947
1012
1048
1081
1134
1145
1148
1157
1171
1306
1342
1349
1368
1378
1392
1396
1484
1498
1502
1529
1603
1617
1631
1659
1660
1673
1686
1691
1703
1711
1728
1749
1785
1790
1795
1803
1815
1907
1931
1933
1943
1960
1976
1980
1994
2059
2096
2098
2138
2140
2165
2277
2278
2289
2301
2322
2325
2328
2333
2384
2452
2454
2482
2508
2515
2585
2586
2588
2600
2616
2627
2698
2701
2726
2837
2856
2869
2875
2877
2945
2950
2953
3
29
64
85
126
165
170
178
338
344
377
466
491
495
504
531
548
564
572
588
594
596
648
651
660
664
669
678
740
778
779
835
875
918
971
976
1017
1030
1070
1093
1109
1117
1127
1135
1147
1149
1165
1209
1237
1246
1274
1290
1314
1322
1326
1334
1345
1366
1388
1400
1458
1465
1467
1539
1549
1574
1578
1588
1609
1628
1675
1699
1722
1736
1742
1822
1909
1928
1936
1983
1989
2002
2034
2076
2082
2110
2116
2131
2135
2147
2156
2241
2255
2309
2365
2378
2412
2488
2531
2537
2556
2570
2628
2646
2673
2688
2709
2729
2763
2777
2778
2789
2800
2801
2812
2861
2881
2886
2916
2928
2934
2946
2947
2972
2996
9
32
44
46
51
61
89
135
160
162
169
210
230
257
274
289
312
330
361
367
370
397
401
402
432
446
468
471
476
481
493
498
525
533
549
576
640
681
682
706
742
765
816
915
930
961
962
1008
1029
1052
1088
1099
1101
1120
1121
1137
1153
1218
1228
1243
1260
1284
1303
1325
1350
1393
1429
1453
1459
1494
1504
1550
1555
1564
1569
1573
1594
1615
1616
1629
1634
1662
1706
1741
1764
1783
1824
1828
1852
1895
1922
1925
1930
1939
1957
1966
1988
2006
2014
2042
2107
2124
2127
2149
2150
2187
2195
2229
2234
2257
2271
2282
2292
2293
2329
2330
2354
2355
2360
2379
2381
2391
2395
2444
2503
2504
2534
2538
2540
2579
2583
2612
2625
2634
2680
2715
2746
2769
2797
2802
2827
2933
2978
2991
2992
7
33
36
42
67
97
104
107
146
157
223
229
275
284
318
345
378
421
451
462
464
475
489
496
505
543
546
563
569
600
602
617
646
647
656
694
702
727
758
759
771
776
777
803
824
834
867
876
936
942
951
1004
1032
1176
1239
1258
1313
1332
1367
1373
1406
1413
1423
1427
1433
1518
1523
1530
1597
1618
1621
1640
1644
1678
1688
1694
1705
1708
1710
1750
1752
1770
1794
1796
1816
1819
1825
1827
1831
1855
1897
1910
1927
1944
1967
1969
2001
2056
2092
2095
2111
2126
2141
2160
2176
2184
2208
2217
2227
2260
2262
2269
2307
2337
2359
2422
2443
2462
2499
2500
2516
2559
2566
2603
2636
2640
2647
2652
2677
2694
2704
2720
2730
2735
2761
2784
2823
2831
2850
2924
2937
2942
2959
2964
2976
10
35
72
105
124
144
161
179
183
185
206
228
232
244
265
273
291
297
313
320
325
327
353
355
368
382
395
403
453
474
477
527
536
604
608
636
680
708
714
724
729
753
757
764
781
785
797
825
833
840
854
864
887
901
914
924
934
946
974
979
982
1001
1027
1034
1039
1056
1059
1090
1130
1184
1189
1223
1234
1248
1251
1252
1296
1321
1348
1355
1379
1426
1442
1501
1543
1547
1558
1639
1664
1668
1670
1674
1681
1685
1700
1702
1780
1800
1807
1821
1830
1838
1884
1905
1915
1952
2039
2070
2079
2099
2159
2188
2274
2275
2334
2338
2376
2397
2403
2414
2425
2450
2477
2489
2518
2596
2675
2679
2723
2759
2783
2796
2807
2836
2839
2851
2870
2874
2900
2971
2994
8
13
53
62
88
98
127
137
154
158
188
190
241
242
267
271
279
295
416
459
499
524
567
672
684
698
709
710
751
761
780
782
791
798
809
815
817
832
869
882
911
921
928
935
959
981
995
1005
1040
1080
1089
1106
1112
1118
1128
1172
1173
1177
1186
1253
1259
1266
1270
1291
1319
1353
1391
1415
1419
1432
1454
1463
1486
1495
1513
1524
1553
1585
1604
1608
1667
1683
1707
1715
1735
1743
1766
1774
1781
1787
1791
1802
1832
1834
1850
1873
1877
1882
1890
1932
1947
1962
1963
1997
2021
2027
2031
2080
2087
2132
2145
2168
2179
2215
2230
2239
2247
2256
2268
2361
2370
2386
2401
2406
2417
2427
2430
2435
2486
2498
2510
2544
2545
2558
2571
2575
2582
2593
2597
2681
2687
2714
2724
2731
2738
2741
2760
2766
2771
2787
2855
2866
2905
2927
2940
2960
2961
39
59
100
102
122
129
163
194
208
225
236
237
278
302
305
307
308
328
334
366
376
418
435
445
472
484
552
560
566
575
590
591
597
606
609
610
616
627
644
650
705
707
760
787
820
848
853
881
902
916
929
931
954
1006
1021
1022
1037
1038
1045
1108
1110
1115
1138
1155
1159
1182
1197
1203
1210
1224
1226
1231
1236
1238
1256
1287
1300
1302
1329
1347
1361
1362
1363
1384
1412
1417
1428
1430
1440
1441
1452
1464
1466
1474
1488
1511
1512
1532
1536
1589
1642
1679
1693
1698
1724
1734
1797
1823
1860
1869
1871
1880
1888
1899
1906
1923
1937
1956
1965
1982
1992
2017
2020
2053
2078
2085
2086
2088
2100
2105
2119
2151
2166
2172
2259
2285
2304
2332
2339
2364
2433
2459
2464
2511
2514
2560
2590
2641
2644
2649
2700
2733
2750
2764
2773
2794
2859
2867
2884
2888
2913
2920
2929
2963
2984
38
77
81
82
133
156
172
176
205
220
247
270
288
369
426
467
478
486
492
519
521
526
541
573
581
643
659
677
688
719
730
745
768
774
793
795
826
830
852
858
883
893
908
950
958
960
963
978
988
1031
1042
1066
1067
1086
1129
1142
1198
1201
1207
1215
1220
1247
1262
1276
1283
1292
1405
1410
1424
1456
1491
1499
1509
1515
1520
1521
1540
1583
1622
1646
1649
1671
1677
1689
1784
1848
1879
1941
1942
1971
1999
2062
2069
2089
2097
2115
2142
2162
2171
2177
2180
2182
2186
2203
2207
2213
2254
2276
2279
2312
2313
2326
2336
2340
2346
2372
2373
2407
2413
2432
2434
2448
2465
2497
2505
2553
2564
2567
2574
2589
2607
2664
2672
2695
2722
2737
2753
2774
2813
2857
2899
2936
2938
2977
2982
17
21
54
74
96
113
117
125
131
132
148
150
181
249
252
261
337
358
364
379
406
411
419
424
428
440
448
456
461
517
542
555
556
565
598
624
649
673
699
720
726
734
746
784
811
841
855
860
874
880
899
900
943
953
987
1041
1046
1057
1072
1087
1102
1103
1150
1151
1174
1195
1204
1217
1244
1315
1316
1344
1382
1395
1418
1421
1451
1470
1472
1480
1551
1572
1592
1606
1614
1619
1626
1656
1692
1704
1719
1720
1727
1730
1737
1756
1757
1773
1808
1809
1837
1887
1894
1900
1918
1921
1945
2011
2019
2055
2063
2091
2106
2109
2113
2120
2173
2258
2303
2374
2399
2439
2440
2483
2522
2539
2548
2550
2551
2601
2602
2606
2609
2631
2632
2635
2639
2650
2702
2711
2736
2739
2748
2767
2775
2791
2818
2895
2897
2914
2956
2966
2974
2993
6
11
20
26
37
52
55
56
65
69
79
80
83
114
115
116
118
145
155
166
180
182
187
189
197
202
231
235
251
277
286
287
310
311
322
331
341
348
350
359
371
375
380
386
410
412
439
449
454
460
483
503
509
515
532
553
559
562
574
578
579
584
587
595
601
611
618
620
626
630
641
658
665
675
676
683
685
697
715
718
725
728
733
739
748
752
767
773
786
790
792
831
839
846
856
861
862
890
909
923
937
948
956
968
977
985
996
1002
1010
1013
1014
1019
1023
1047
1060
1063
1065
1075
1079
1082
1097
1122
1124
1125
1140
1143
1162
1164
1178
1185
1192
1199
1200
1202
1213
1221
1235
1257
1267
1269
1271
1275
1282
1286
1293
1308
1323
1328
1360
1365
1369
1375
1376
1389
1394
1397
1398
1409
1411
1431
1450
1457
1462
1473
1476
1478
1483
1489
1510
1519
1552
1554
1565
1566
1575
1581
1582
1595
1624
1636
1637
1641
1651
1652
1653
1657
1663
1682
1696
1731
1740
1744
1751
1758
1760
1788
1793
1846
1849
1857
1859
1861
1864
1868
1881
1885
1912
1949
1951
1953
1958
1977
1985
2003
2005
2029
2036
2038
2040
2041
2052
2066
2067
2073
2074
2077
2118
2121
2130
2134
2153
2154
2163
2170
2174
2183
2197
2199
2219
2224
2237
2240
2252
2263
2286
2290
2296
2305
2308
2310
2314
2320
2321
2347
2352
2371
2375
2385
2409
2410
2416
2423
2429
2436
2446
2470
2474
2476
2480
2481
2485
2491
2494
2495
2502
2521
2526
2535
2543
2547
2552
2562
2576
2594
2595
2613
2615
2619
2626
2633
2642
2653
2655
2660
2669
2671
2676
2678
2691
2693
2703
2734
2742
2754
2768
2781
2785
2792
2799
2833
2834
2835
2838
2843
2846
2849
2852
2883
2885
2892
2912
2921
2922
2930
2931
2935
2949
2954
2969
2987
2990
