298852
285297
374348
387689
388302
195138
262729
328603
337289
20755
37249
244275
116015
15
118431
496
130408
795
892
424738
912
139435
926
370266
1088
1097
137849
1194
260609
1363
1481
307599
1501
263518
1704
3622
1781
1899
314989
1947
220654
1968
2089
365476
2112
147261
2267
495691
2361
2551
5472
2605
478564
2611
2764
9643
2781
10545
2865
285425
2910
2911
286522
2921
289695
2998
3179
224200
3280
457688
3575
21589
3616
3617
57930
3787
181750
3812
3952
209482
3965
211523
4048
223724
192515
4339
224207
309579
4577
460547
4623
465032
260715
4712
303918
4726
395392
4738
456591
4758
486456
4973
494338
126178
5007
5180
372295
5213
441773
5271
5273
480423
5375
97780
5526
282865
5581
320411
5724
333365
390535
5836
13316
93069
5974
223967
6103
224946
6130
301239
447127
6149
454813
457651
6155
5062
6343
6557
16518
24501
6707
6800
42314
6817
117551
6881
314048
332595
7045
426031
7395
179991
235137
7550
7596
245841
349656
7669
463783
8026
55711
8081
8165
103894
130275
8306
205284
238111
357547
8343
75495
79895
8376
8422
96075
132939
8455
288802
8501
343339
8506
404629
8698
470630
3836
8765
65973
447774
8767
481541
8862
162433
194487
8881
288476
8924
344093
8942
346670
429547
8970
120268
9098
142003
219394
295248
9176
355949
9232
446452
48091
9539
291870
319740
19396
9622
65926
9672
70417
85207
9848
102468
9895
202434
9959
321296
10322
341386
10325
10582
344387
418115
10706
426932
10940
105421
120197
128128
149644
192903
10965
328408
10966
388617
11056
11137
403052
11149
447349
11275
458333
474747
11518
11575
11270
98110
112970
11603
129384
150328
165058
11646
204998
227788
268873
11724
269244
290867
11804
292095
11805
341327
392639
11922
428133
12029
450821
12064
490527
62410
137669
12148
12162
174541
187235
12656
187411
228923
304510
12687
330374
12925
331217
347989
12934
475147
13037
13101
479087
13127
50461
13200
13251
61132
103465
13532
186079
279726
13761
315325
13768
428777
13787
14189
442643
454550
14219
479058
58581
70684
14436
134061
14533
176613
202319
360278
362605
385641
14607
421803
424537
428517
14644
14751
428800
429890
14858
430722
15265
470177
495567
15380
26618
27010
15533
357124
15680
368641
15704
393994
15817
440862
440919
16239
456030
16399
465065
16419
16503
49157
126035
16559
158718
193342
16579
223733
16750
236747
237662
16765
254335
264992
16850
273003
294943
326425
415288
16898
456541
5831
43096
17543
72468
81520
17552
89623
17654
106116
131489
17719
214325
274384
17737
281783
17766
304358
312783
17897
340713
353554
17968
360126
18007
367701
468245
476261
18014
23559
24732
18123
49921
77205
18358
123107
18381
142031
153131
18401
215032
215092
232009
18502
18524
233067
250743
18548
251429
270929
18603
287352
18621
290653
298690
18863
324021
333762
19096
380036
19190
400366
422174
19354
455971
497297
19417
43989
19462
81231
140040
20136
199567
214582
20180
243553
20228
397795
483830
20471
481589
63206
20781
20827
183655
243494
20890
282834
20931
285016
314450
21148
334629
344365
21232
459892
21259
484428
1128
21333
25929
21344
49119
21590
21608
85689
21641
90346
21698
192833
335148
21944
348686
353211
22092
355597
22112
435725
78619
22113
229986
440096
30909
22390
43701
89341
101242
119722
22540
122066
149543
224431
241723
249003
313239
22663
437181
442574
445434
496049
29141
70002
70419
92947
258721
275439
283206
22671
287137
22696
322733
22839
22875
329730
23049
330838
23197
343211
23252
23663
399628
407645
23775
23815
424690
465314
23835
466591
24121
484410
52673
24343
58145
66779
24504
73959
24524
102026
103434
24707
25001
151299
25334
209884
25377
222915
25417
249301
25425
336228
373847
25451
441169
37906
25689
90210
25720
95299
123357
25785
26092
135887
198028
26313
199435
218787
26386
225665
26436
236217
324117
334355
26617
355944
420846
26677
441880
479124
483119
104840
26754
120134
422906
26865
26883
7723
12295
27037
31629
135859
27058
225157
27118
273433
323036
27212
345860
349148
27215
355716
27411
368519
373058
27542
27732
482402
27795
495100
27802
8283
28024
9864
28113
108122
150163
28164
178944
302843
28193
321235
28213
354768
363411
378322
400418
161888
348057
39063
28386
60393
65751
66237
