0
41
84
107
131
132
143
169
209
253
255
322
376
378
414
417
456
465
470
514
542
546
638
648
688
699
720
835
870
895
900
902
908
975
994
1071
1097
1106
1107
1175
1324
1333
1443
1479
1498
1512
1522
1563
1578
1583
1592
1626
1691
1706
1730
1785
1789
1878
1900
1911
2060
2157
2166
2182
2216
2247
2249
2278
2335
2365
2404
2450
2525
2552
2578
2585
2587
2605
2659
2677
2739
2745
2762
2807
2812
2814
2835
2868
2910
2947
2949
10
14
17
40
47
60
89
90
156
158
229
235
260
307
311
314
341
398
430
438
501
549
554
583
601
609
623
627
640
657
724
776
786
837
867
877
918
939
980
1020
1105
1127
1178
1217
1252
1277
1302
1321
1466
1467
1500
1523
1569
1590
1620
1652
1717
1784
1787
1830
1831
1847
1932
1939
1960
2107
2143
2155
2266
2293
2297
2455
2543
2573
2592
2629
2715
2735
2744
2757
2764
2768
2863
2890
2928
2999
1
11
50
53
74
120
244
257
276
352
375
427
442
479
488
537
547
564
598
599
625
660
678
710
714
730
746
791
802
874
1049
1081
1090
1101
1135
1156
1183
1227
1352
1474
1510
1518
1581
1593
1594
1714
1726
1746
1759
1786
1803
1817
1838
1842
1854
1907
1950
2003
2007
2031
2041
2066
2075
2082
2124
2134
2201
2213
2215
2299
2301
2313
2315
2357
2372
2374
2385
2428
2451
2504
2514
2540
2544
2563
2695
2699
2819
2845
2846
2867
2929
2952
4
9
16
170
186
302
394
468
495
508
535
555
556
592
608
681
813
847
866
946
957
959
1014
1068
1093
1099
1147
1153
1155
1198
1220
1223
1246
1255
1326
1358
1410
1449
1472
1516
1574
1580
1735
1765
1788
1909
1929
1935
2013
2115
2125
2126
2136
2181
2204
2256
2291
2387
2430
2431
2460
2479
2547
2555
2576
2600
2650
2690
2749
2796
2839
2876
2903
2915
2943
2950
2981
3
39
82
119
128
147
183
232
272
325
343
365
397
401
412
424
541
553
569
622
649
658
698
727
761
762
770
809
824
842
848
868
875
927
974
984
1025
1077
1102
1111
1189
1236
1309
1355
1407
1440
1461
1550
1557
1600
1659
1687
1688
1754
1782
1850
1896
1922
1926
1934
1956
1985
1999
2034
2045
2070
2098
2102
2106
2190
2202
2229
2285
2290
2332
2415
2440
2461
2462
2501
2530
2539
2713
2760
2772
2798
2825
2826
2827
2847
2916
2957
2964
2984
2990
65
164
172
222
261
263
277
299
439
458
512
539
576
594
655
742
750
752
757
773
810
821
832
862
863
876
956
976
1136
1176
1179
1184
1219
1270
1275
1283
1310
1329
1434
1468
1473
1488
1524
1529
1530
1571
1611
1664
1668
1711
1720
1755
1792
1825
1828
1840
1870
1912
1940
1953
1972
1997
2053
2054
2094
2123
2214
2305
2334
2369
2373
2383
2521
2686
2691
2803
2809
2811
2824
2855
2881
2898
2935
2969
78
87
111
123
130
151
155
175
286
304
310
428
559
570
585
595
650
663
775
839
849
861
879
901
909
940
961
966
982
995
1019
1062
1109
1123
1130
1160
1200
1305
1325
1382
1428
1435
1444
1451
1456
1504
1506
1682
1718
1766
1802
1867
1875
1908
1914
1969
2002
2008
2047
2055
2068
2073
2196
2200
2263
2273
2319
2333
2399
2402
2411
2429
2465
2489
2612
2668
2692
2727
2787
2793
2832
2844
2860
2874
2894
2907
2911
2951
2980
29
48
136
262
281
297
298
321
336
349
418
502
589
907
998
1001
1036
1044
1056
1096
1138
1188
1221
1447
1511
1513
1606
1721
1767
1844
1866
1915
1957
1967
1993
2016
2043
2044
2048
2069
2097
2183
2193
2195
2231
2235
2264
2270
2274
2283
2337
2346
2347
2390
2406
2412
2426
2463
2505
2518
2590
2608
2625
2627
2656
2689
2698
2769
2779
2853
2854
2959
75
97
103
152
190
203
245
301
356
396
419
453
521
526
534
543
574
611
683
708
711
735
736
778
872
950
951
970
972
993
1051
1199
1248
1316
1342
1354
1370
1404
1460
1463
1588
1675
1686
1689
1749
1818
1836
1879
1948
1978
2138
2160
2227
2237
2254
2309
2362
2474
2495
2515
2524
2533
2705
2712
2742
2756
2776
2783
2804
2816
2852
2861
2883
2896
2927
2932
2973
2
30
163
173
294
320
332
420
463
474
476
545
630
725
743
768
798
840
844
858
894
926
944
986
1002
1004
1006
1055
1074
1094
1115
1152
1167
1196
1229
1242
1273
1278
1285
1291
1357
1385
1395
1419
1539
1556
1570
1603
1617
1645
1657
1666
1739
1807
1839
1952
1974
2011
2022
2025
2072
2076
2105
2149
2154
2199
2207
2208
2230
2240
2268
2277
2296
2306
2351
2392
2476
2502
2545
2577
2596
2616
2622
2637
2648
2655
2701
2730
2746
2775
2799
2810
2820
2830
2906
2992
54
92
96
144
174
206
242
270
287
312
324
413
503
518
527
591
632
723
754
765
787
911
921
997
1011
1064
1121
1173
1240
1360
1413
1417
1423
1495
1497
1517
1548
1551
1595
1601
1602
1630
1648
1712
1777
1845
1865
1880
1892
1897
1901
1970
1973
1998
2024
2057
2103
2165
2191
2205
2225
2260
2302
2389
2447
2486
2490
2508
2529
2532
2630
2702
2773
2786
2848
2865
2900
2904
2945
2971
2972
22
26
133
149
227
237
274
278
282
399
432
452
499
551
579
618
634
656
707
713
739
815
816
885
915
941
969
1073
1114
1177
1205
1208
1211
1235
1237
1249
1263
1319
1335
1344
1347
1348
1393
1453
1478
1552
1555
1573
1575
1586
1641
1653
1670
1672
1677
1685
1724
1770
1812
1826
1841
1895
1906
1975
1986
2049
2077
2110
2116
2117
2287
2304
2339
2343
2350
2375
2418
2425
2438
2452
2492
2519
2635
2638
2640
2641
2651
2681
2737
2785
2802
2813
2870
2886
2892
2966
2983
2986
31
61
63
95
122
145
157
181
316
339
387
435
449
481
513
531
538
571
572
604
685
692
702
703
716
729
767
838
845
851
869
871
913
937
1017
1026
1063
1079
1092
1122
1124
1126
1133
1145
1158
1233
1254
1257
1289
1290
1314
1390
1399
1403
1406
1426
1427
1432
1433
1442
1454
1457
1496
1501
1502
1528
1576
1609
1619
1624
1637
1697
1723
1733
1736
1756
1783
1822
1877
1919
1931
1965
2009
2010
2017
2130
2146
2151
2245
2298
2312
2320
2360
2370
2381
2398
2443
2496
2520
2536
2566
2598
2694
2741
2884
2925
2955
2956
2960
2977
2996
8
23
88
138
178
189
241
250
303
306
364
422
429
436
446
454
600
675
704
722
734
759
766
771
779
792
797
823
829
856
865
883
919
978
1007
1050
1052
1069
1103
1119
1146
1161
1174
1180
1187
1192
1264
1377
1386
1394
1508
1532
1632
1639
1658
1703
1705
1758
1775
1798
1804
1811
1832
1846
1857
1860
1863
1869
1881
1916
1923
1981
2004
2015
2052
2084
2087
2127
2131
2168
2203
2226
2292
2353
2397
2408
2427
2458
2478
2481
2488
2493
2494
2509
2510
2526
2557
2560
2568
2571
2594
2604
2618
2649
2722
2733
2758
2774
2777
2849
2879
2987
2995
13
49
57
94
102
112
161
165
180
193
305
403
425
451
460
464
487
505
510
523
525
573
584
628
686
748
763
793
796
826
854
888
898
935
947
949
954
967
999
1086
1100
1154
1163
1212
1216
1230
1296
1320
1362
1368
1374
1412
1422
1480
1485
1489
1491
1503
1521
1547
1561
1582
1597
1599
1608
1618
1621
1646
1715
1764
1771
1776
1814
1820
1835
1886
1894
1905
1937
1990
1992
2023
2029
2042
2058
2061
2167
2173
2174
2217
2307
2314
2322
2354
2401
2464
2475
2483
2499
2567
2572
2580
2593
2597
2602
2606
2607
2632
2665
2680
2703
2707
2708
2725
2732
2795
2859
2882
2919
2922
2970
2974
2982
7
36
45
83
118
140
184
196
208
275
309
337
357
388
389
408
497
500
509
602
612
654
726
747
781
788
790
811
818
828
860
881
897
925
929
932
936
942
960
1039
1047
1150
1191
1209
1234
1258
1308
1318
1328
1351
1376
1389
1418
1425
1436
1470
1484
1487
1493
1499
1514
1519
1538
1579
1604
1649
1704
1732
1778
1781
1809
1837
1899
1913
1930
1943
1984
2062
2071
2083
2119
2121
2128
2162
2163
2170
2180
2239
2251
2382
2410
2480
2482
2550
2631
2636
2653
2660
2666
2669
2675
2682
2684
2693
2706
2709
2726
2729
2753
2763
2815
2817
2880
2889
2895
2899
2931
2985
2989
42
80
81
141
212
234
248
342
347
374
447
457
461
504
511
519
578
586
588
596
606
645
664
669
749
755
758
827
920
922
990
1005
1009
1013
1021
1037
1038
1040
1057
1061
1072
1085
1087
1151
1171
1172
1213
1243
1251
1265
1269
1274
1297
1396
1397
1409
1430
1464
1477
1540
1607
1612
1616
1665
1669
1674
1680
1684
1692
1713
1728
1751
1774
1795
1805
1851
1861
1884
1898
1902
1904
1921
1925
1962
1979
2065
2067
2086
2092
2111
2210
2243
2244
2348
2358
2449
2498
2549
2558
2569
2619
2621
2623
2647
2679
2697
2721
2736
2754
2842
2843
2871
2887
2897
2901
2909
2920
2942
2946
2978
15
72
153
179
182
187
194
195
198
205
258
367
370
371
383
483
565
581
587
635
637
643
662
665
687
709
738
785
808
817
822
825
830
834
846
886
905
948
1012
1045
1067
1142
1164
1182
1194
1201
1250
1259
1276
1287
1312
1322
1323
1330
1336
1339
1366
1369
1400
1465
1471
1486
1505
1527
1568
1701
1707
1740
1743
1745
1779
1790
1799
1815
1874
1882
1891
1946
1949
1954
1958
2037
2063
2140
2147
2223
2234
2242
2257
2341
2361
2405
2444
2477
2485
2613
2617
2687
2700
2717
2734
2738
2747
2767
2771
2791
2801
2821
2833
2908
2913
2914
2962
2967
21
44
46
70
106
124
139
167
211
216
226
246
247
266
279
288
300
326
327
328
340
344
362
377
405
411
431
440
443
485
496
536
610
624
633
639
647
680
691
701
745
777
780
794
820
855
916
934
962
964
987
989
992
1000
1033
1148
1159
1165
1169
1202
1262
1279
1294
1338
1343
1365
1373
1383
1384
1408
1415
1429
1450
1469
1494
1553
1554
1567
1577
1605
1634
1638
1654
1656
1690
1693
1698
1719
1725
1808
1852
1883
1924
1945
1955
1961
1982
1983
1989
1996
2021
2033
2059
2080
2091
2095
2132
2144
2161
2164
2171
2172
2184
2206
2220
2238
2267
2269
2275
2280
2286
2303
2325
2328
2329
2368
2393
2395
2409
2434
2441
2459
2484
2487
2523
2559
2579
2584
2595
2599
2601
2614
2642
2667
2674
2718
2750
2780
2782
2805
2831
2836
2862
2875
2877
2912
2918
2963
2979
6
27
35
51
62
71
73
86
117
126
127
137
168
207
213
269
271
295
308
315
334
335
346
355
358
360
379
386
393
410
445
471
473
507
544
557
580
593
615
666
667
671
697
801
833
878
890
914
963
1003
1027
1030
1066
1108
1118
1120
1140
1143
1197
1224
1238
1253
1272
1293
1341
1372
1392
1431
1455
1476
1509
1537
1562
1628
1695
1699
1700
1709
1716
1760
1796
1849
1868
1942
1966
1977
1988
2001
2005
2012
2014
2046
2050
2089
2114
2133
2152
2178
2228
2248
2279
2310
2321
2349
2352
2355
2379
2386
2416
2421
2432
2467
2468
2473
2513
2522
2528
2537
2554
2662
2670
2671
2822
2823
2840
2841
2938
2941
2954
2993
32
33
43
79
91
101
104
110
129
220
231
238
256
280
283
292
333
372
390
395
406
423
437
444
462
466
482
490
491
492
506
515
540
550
558
562
567
568
590
603
613
616
626
674
706
753
764
783
784
795
804
812
831
864
884
887
899
910
953
965
988
1015
1046
1058
1088
1089
1098
1125
1144
1149
1204
1206
1207
1241
1244
1247
1301
1340
1346
1367
1379
1420
1448
1459
1482
1520
1542
1544
1565
1589
1615
1633
1636
1640
1642
1643
1662
1679
1722
1744
1773
1791
1794
1823
1885
1888
1893
1936
1941
1968
1980
2006
2036
2038
2096
2108
2109
2135
2137
2145
2179
2197
2276
2336
2388
2420
2423
2435
2439
2446
2454
2506
2507
2535
2541
2575
2582
2591
2603
2610
2620
2626
2639
2652
2661
2683
2714
2723
2731
2761
2765
2781
2789
2794
2828
2857
2864
2893
2923
2939
2940
2961
2975
2994
20
67
85
114
146
210
219
224
240
243
273
289
319
323
338
348
363
381
441
448
469
516
532
533
566
577
582
605
614
620
673
676
732
751
807
843
896
904
931
983
1032
1041
1065
1110
1113
1139
1193
1226
1268
1281
1284
1288
1304
1327
1332
1349
1363
1391
1398
1437
1438
1441
1458
1481
1483
1534
1545
1559
1598
1660
1663
1671
1742
1747
1750
1763
1910
1928
1933
1947
1971
1976
2000
2028
2030
2040
2093
2139
2156
2186
2187
2192
2218
2236
2265
2271
2318
2324
2340
2359
2363
2403
2407
2472
2497
2500
2503
2511
2516
2527
2546
2553
2609
2615
2645
2663
2676
2696
2858
2866
2869
2891
2934
2936
2976
18
37
38
69
93
100
109
159
197
223
228
230
233
236
239
267
284
330
359
402
416
426
434
467
475
480
493
517
522
617
646
659
679
689
690
705
717
733
760
799
814
850
852
859
891
917
924
930
955
958
968
971
985
1016
1023
1054
1080
1091
1116
1137
1157
1166
1210
1218
1231
1232
1260
1261
1280
1303
1307
1315
1345
1414
1416
1424
1452
1475
1507
1546
1549
1558
1560
1572
1584
1610
1613
1614
1623
1651
1694
1708
1729
1731
1734
1801
1819
1853
1903
1918
1951
2027
2064
2079
2100
2113
2118
2122
2150
2169
2185
2219
2221
2222
2246
2252
2253
2258
2261
2288
2295
2308
2317
2323
2330
2338
2376
2377
2378
2419
2422
2433
2436
2466
2471
2531
2534
2551
2564
2628
2646
2673
2678
2711
2719
2755
2778
2788
2800
2917
2997
58
68
76
98
108
125
134
135
148
200
202
218
225
252
254
268
293
350
354
368
380
382
392
400
407
433
477
494
529
530
560
631
641
653
668
670
694
712
718
774
853
882
889
943
1022
1031
1034
1035
1060
1078
1117
1129
1134
1141
1162
1170
1186
1215
1222
1228
1239
1266
1286
1295
1299
1311
1317
1334
1371
1375
1380
1381
1405
1445
1462
1525
1526
1536
1596
1622
1647
1655
1681
1696
1710
1752
1761
1768
1769
1797
1800
1806
1810
1833
1848
1855
1864
1890
1920
1963
1964
1995
2039
2051
2081
2101
2112
2120
2141
2158
2159
2176
2188
2209
2259
2262
2272
2281
2284
2289
2327
2364
2367
2371
2384
2391
2394
2470
2491
2512
2517
2542
2556
2562
2574
2583
2643
2657
2658
2664
2672
2724
2740
2748
2752
2759
2784
2797
2885
2888
2902
2921
2944
2965
2988
2991
5
12
19
24
25
28
34
52
55
56
59
64
66
77
99
105
113
115
116
121
142
150
154
160
162
166
171
176
177
185
188
191
192
199
201
204
214
215
217
221
249
251
259
264
265
285
290
291
296
313
317
318
329
331
345
351
353
361
366
369
373
384
385
391
404
409
415
421
450
455
459
472
478
484
486
489
498
520
524
528
548
552
561
563
575
597
607
619
621
629
636
642
644
651
652
661
672
677
682
684
693
695
696
700
715
719
721
728
731
737
740
741
744
756
769
772
782
789
800
803
805
806
819
836
841
857
873
880
892
893
903
906
912
923
928
933
938
945
952
973
977
979
981
991
996
1008
1010
1018
1024
1028
1029
1042
1043
1048
1053
1059
1070
1075
1076
1082
1083
1084
1095
1104
1112
1128
1131
1132
1168
1181
1185
1190
1195
1203
1214
1225
1245
1256
1267
1271
1282
1292
1298
1300
1306
1313
1331
1337
1350
1353
1356
1359
1361
1364
1378
1387
1388
1401
1402
1411
1421
1439
1446
1490
1492
1515
1531
1533
1535
1541
1543
1564
1566
1585
1587
1591
1625
1627
1629
1631
1635
1644
1650
1661
1667
1673
1676
1678
1683
1702
1727
1737
1738
1741
1748
1753
1757
1762
1772
1780
1793
1813
1816
1821
1824
1827
1829
1834
1843
1856
1858
1859
1862
1871
1872
1873
1876
1887
1889
1917
1927
1938
1944
1959
1987
1991
1994
2018
2019
2020
2026
2032
2035
2056
2074
2078
2085
2088
2090
2099
2104
2129
2142
2148
2153
2175
2177
2189
2194
2198
2211
2212
2224
2232
2233
2241
2250
2255
2282
2294
2300
2311
2316
2326
2331
2342
2344
2345
2356
2366
2380
2396
2400
2413
2414
2417
2424
2437
2442
2445
2448
2453
2456
2457
2469
2538
2548
2561
2565
2570
2581
2586
2588
2589
2611
2624
2633
2634
2644
2654
2685
2688
2704
2710
2716
2720
2728
2743
2751
2766
2770
2790
2792
2806
2808
2818
2829
2834
2837
2838
2850
2851
2856
2872
2873
2878
2905
2924
2926
2930
2933
2937
2948
2953
2958
2968
2998
